1 특정거리
4 4 2 1
1 2
1 3
2 3
2 4
//4
4 3 2 1
1 2
1 3
1 4
// -1
4 4 1 1
1 2
1 3
2 3
2 4
// 2 3
2 연구소
7 7
2 0 0 0 1 1 0
0 0 1 0 1 2 0
0 1 1 0 1 0 0
0 1 0 0 0 0 0
0 0 0 0 0 1 1
0 1 0 0 0 0 0
0 1 0 0 0 0 0
//27
4 6
0 0 0 0 0 0
1 0 0 0 0 2
1 1 1 0 0 2
0 0 0 0 0 2
//9
8 8
2 0 0 0 0 0 0 2
2 0 0 0 0 0 0 2
2 0 0 0 0 0 0 2
2 0 0 0 0 0 0 2
2 0 0 0 0 0 0 2
0 0 0 0 0 0 0 0
0 0 0 0 0 0 0 0
0 0 0 0 0 0 0 0
//3
3 경쟁
3 3
1 0 2
0 0 0
3 0 0
2 3 2
// 3
3 3
1 0 2
0 0 0
3 0 0
1 2 2
// 0
5 감시 피하기
5
X S X X T
T X S X X
X X X X X
X T X X X
X X T X X
// YES
4
S S S T
X X X X
X X X X
T T T X
/// NO
7 인구이동
2 20 50
50 30
20 40
// 1
2 40 50
50 30
20 40
// 0
2 20 50
50 30
30 40
//1
3 5 10
10 15 20
20 30 25
40 22 10
//2
4 10 50
10 100 20 90
80 100 60 70
70 20 30 40
50 20 100 10
// 3
블록이동
5
0 0 0 1 1
0 0 0 1 0
0 1 0 1 1
1 1 0 0 1
0 0 0 0 0
// 7