뱀
6
3
3 4
2 5
5 3
3
3 D
15 L
17 D
//9
10
4
1 2
1 3
1 4
1 5
4
8 D
10 D
11 D
13 L
//21
10
5
1 5
1 3
1 2
1 6
1 7
4
8 D
10 D
11 D
13 L
//13

기둥과보설치
5 8
1 0 0 1
1 1 1 1
2 1 0 1
2 2 1 1
5 0 0 1
5 1 0 1
4 2 1 1
3 2 1 1
// p331
5 10
0 0 0 1
2 0 0 1
4 0 0 1
0 1 1 1
1 1 1 1
2 1 1 1
3 1 1 1
2 0 0 0
1 1 1 0
2 2 0 1
//p331
치킨
5 3
0 0 1 0 0
0 0 2 0 1
0 1 2 0 0
0 0 1 0 0
0 0 0 0 2
//5
5 2
0 2 0 1 0
1 0 1 0 0
0 0 0 0 0
2 0 0 1 1
2 2 0 1 2
//10
5 1
1 2 0 0 0
1 2 0 0 0
1 2 0 0 0
1 2 0 0 0
1 2 0 0 0
//11

외벽점검
12
1 5 6 10
1 2 3 4
//2

12
1 3 4 9 10
3 5 7
//1